log_index,transaction_hash,transaction_index,block_hash,block_number,address,data,topics
154,0xd71ab65956737740121a1d71176f81b0ff72f49ce4009e025fcec9fc87408ac0,33,0x47fab5a15da95a027d31b4cedf7d61878804b08e356c2c5601e495bb6c2128aa,20500098,0xa0b86991c6218b36c1d19d4a2e9eb0ce3606eb48,0x000000000000000000000000000000000000000000000000000000e8d4a51000,"0xddf252ad1be2c89b69c2b068fc378daa952ba7f163c4a11628f55a4df523b3ef,0x0000000000000000000000001157a2076b9bb22a85cc2c162f20fab3898f4101,0x000000000000000000000000e67821b76985007b4cf744b0f045c8933b3e91d9"
306,0xd72fc3a84634fe84f3e3a0f707eaa087ffb4a45e4dae7aa7e0e22505dbc25350,138,0xa88da028fba72d5b26ffdb52ad4f0c74b56d004aef31438b35de0fa3050effa9,20500044,0x35fa164735182de50811e8e2e824cfb9b6118ac2,0x000000000000000000000000000000000000000000000035bff723c13f8f0000,"0x8c5be1e5ebec7d5bd14f71427d1e84f3dd0314c0f7b2291e5b200ac8c7c3b925,0x000000000000000000000000b554b9856dfdbf52b98e0e4d2b981c34e20e1dab,0x000000000000000000000000917cee801a67f933f2e6b33fc0cd1ed2d5909d88"
307,0xd72fc3a84634fe84f3e3a0f707eaa087ffb4a45e4dae7aa7e0e22505dbc25350,138,0xa88da028fba72d5b26ffdb52ad4f0c74b56d004aef31438b35de0fa3050effa9,20500044,0x35fa164735182de50811e8e2e824cfb9b6118ac2,0x000000000000000000000000000000000000000000000000698fc6f91957fb72,"0x9d9c909296d9c674451c0c24f02cb64981eb3b727f99865939192f880a755dcb,0x000000000000000000000000b554b9856dfdbf52b98e0e4d2b981c34e20e1dab,0x000000000000000000000000917cee801a67f933f2e6b33fc0cd1ed2d5909d88"
308,0xd72fc3a84634fe84f3e3a0f707eaa087ffb4a45e4dae7aa7e0e22505dbc25350,138,0xa88da028fba72d5b26ffdb52ad4f0c74b56d004aef31438b35de0fa3050effa9,20500044,0x35fa164735182de50811e8e2e824cfb9b6118ac2,0x0000000000000000000000000000000000000000000000006e5412e10c5b0000,"0xddf252ad1be2c89b69c2b068fc378daa952ba7f163c4a11628f55a4df523b3ef,0x000000000000000000000000b554b9856dfdbf52b98e0e4d2b981c34e20e1dab,0x000000000000000000000000917cee801a67f933f2e6b33fc0cd1ed2d5909d88"
309,0xd72fc3a84634fe84f3e3a0f707eaa087ffb4a45e4dae7aa7e0e22505dbc25350,138,0xa88da028fba72d5b26ffdb52ad4f0c74b56d004aef31438b35de0fa3050effa9,20500044,0x917cee801a67f933f2e6b33fc0cd1ed2d5909d88,0x0000000000000000000000000000000000000000000000006dec03608e5406fc,"0xddf252ad1be2c89b69c2b068fc378daa952ba7f163c4a11628f55a4df523b3ef,0x0000000000000000000000000000000000000000000000000000000000000000,0x000000000000000000000000b554b9856dfdbf52b98e0e4d2b981c34e20e1dab"
310,0xd72fc3a84634fe84f3e3a0f707eaa087ffb4a45e4dae7aa7e0e22505dbc25350,138,0xa88da028fba72d5b26ffdb52ad4f0c74b56d004aef31438b35de0fa3050effa9,20500044,0x917cee801a67f933f2e6b33fc0cd1ed2d5909d88,0x0000000000000000000000000000000000000000000000006e5412e10c5b00000000000000000000000000000000000000000000000000006dec03608e5406fc,"0xea00f88768a86184a6e515238a549c171769fe7460a011d6fd0bcd48ca078ea4,0x000000000000000000000000b554b9856dfdbf52b98e0e4d2b981c34e20e1dab,0x00000000000000000000000035fa164735182de50811e8e2e824cfb9b6118ac2,0x000000000000000000000000b554b9856dfdbf52b98e0e4d2b981c34e20e1dab"
311,0xd72fc3a84634fe84f3e3a0f707eaa087ffb4a45e4dae7aa7e0e22505dbc25350,138,0xa88da028fba72d5b26ffdb52ad4f0c74b56d004aef31438b35de0fa3050effa9,20500044,0x99de9e5a3ec2750a6983c8732e6e795a35e7b861,0x0000000000000000000000000000000000000000000000006e5412e10c5b00000000000000000000000000000000000000000000000000006dec03608e5406fc0000000000000000000000000000000000000000000000000000000066b7b31b0000000000000000000000000000000000000000000000000000000000000000,"0xe96d7872363f475d18b2f5390caaa5eaa96b2d38e42c62afe4ac08ebd2b13c3a,0x0000000000000000000000000000000000000000000000000000000000007ecf,0x000000000000000000000000b554b9856dfdbf52b98e0e4d2b981c34e20e1dab,0x00000000000000000000000035fa164735182de50811e8e2e824cfb9b6118ac2"
226,0xd731b441cb56c34ed730a12e18c0e9b0918d42d621ef59c38df7a9163237b14a,52,0x2f3dbc8ac35dc54255a0c579964f3570b9a0109372a9cd5f2175da98fefa280b,20500067,0xa0b86991c6218b36c1d19d4a2e9eb0ce3606eb48,0x0000000000000000000000000000000000000000000000000000000001f78a40,"0xddf252ad1be2c89b69c2b068fc378daa952ba7f163c4a11628f55a4df523b3ef,0x00000000000000000000000046340b20830761efd32832a74d7169b29feb9758,0x00000000000000000000000032339ea091cfe9d049abca703cbe2ae6cde33a41"
73,0xd7359ad815cdfc04a136b95770005146be592ecd9a958138a0113b4fe0211204,18,0x4fa5be79bc685bf23b14823a8e7fa93fd31a0928239b68d588dfa693b14d5dee,20500035,0x000000000022d473030f116ddee9f6b43ac78ba3,0x000000000000000000000000ffffffffffffffffffffffffffffffffffffffff0000000000000000000000000000000000000000000000000000000066df3f690000000000000000000000000000000000000000000000000000000000000000,"0xc6a377bfc4eb120024a8ac08eef205be16b817020812c73223e81d1bdb9708ec,0x00000000000000000000000083100ed43c603789c60bbefcf70b5dad61181846,0x0000000000000000000000006a7eff1e2c355ad6eb91bebb5ded49257f3fed98,0x0000000000000000000000003fc91a3afd70395cd496c647d5a6cc9d4b2b7fad"
74,0xd7359ad815cdfc04a136b95770005146be592ecd9a958138a0113b4fe0211204,18,0x4fa5be79bc685bf23b14823a8e7fa93fd31a0928239b68d588dfa693b14d5dee,20500035,0x6a7eff1e2c355ad6eb91bebb5ded49257f3fed98,0x000000000000000000000000000000000000000000000000a408bee27032790f,"0xddf252ad1be2c89b69c2b068fc378daa952ba7f163c4a11628f55a4df523b3ef,0x00000000000000000000000083100ed43c603789c60bbefcf70b5dad61181846,0x0000000000000000000000006a7eff1e2c355ad6eb91bebb5ded49257f3fed98"
75,0xd7359ad815cdfc04a136b95770005146be592ecd9a958138a0113b4fe0211204,18,0x4fa5be79bc685bf23b14823a8e7fa93fd31a0928239b68d588dfa693b14d5dee,20500035,0x6a7eff1e2c355ad6eb91bebb5ded49257f3fed98,0x00000000000000000000000000000000000000000000000c2ca62ace53befc2e,"0xddf252ad1be2c89b69c2b068fc378daa952ba7f163c4a11628f55a4df523b3ef,0x00000000000000000000000083100ed43c603789c60bbefcf70b5dad61181846,0x000000000000000000000000515d459555f8c1fcf2791ded819b73b60a80b8e3"
76,0xd7359ad815cdfc04a136b95770005146be592ecd9a958138a0113b4fe0211204,18,0x4fa5be79bc685bf23b14823a8e7fa93fd31a0928239b68d588dfa693b14d5dee,20500035,0x6a7eff1e2c355ad6eb91bebb5ded49257f3fed98,0xfffffffffffffffffffffffffffffffffffffffffffffff32f51164f3c0e8ac2,"0x8c5be1e5ebec7d5bd14f71427d1e84f3dd0314c0f7b2291e5b200ac8c7c3b925,0x00000000000000000000000083100ed43c603789c60bbefcf70b5dad61181846,0x000000000000000000000000000000000022d473030f116ddee9f6b43ac78ba3"
77,0xd7359ad815cdfc04a136b95770005146be592ecd9a958138a0113b4fe0211204,18,0x4fa5be79bc685bf23b14823a8e7fa93fd31a0928239b68d588dfa693b14d5dee,20500035,0xc02aaa39b223fe8d0a0e5c4f27ead9083c756cc2,0x000000000000000000000000000000000000000000000000000a43defb4d74ad,"0xddf252ad1be2c89b69c2b068fc378daa952ba7f163c4a11628f55a4df523b3ef,0x000000000000000000000000515d459555f8c1fcf2791ded819b73b60a80b8e3,0x000000000000000000000000b4e16d0168e52d35cacd2c6185b44281ec28c9dc"
78,0xd7359ad815cdfc04a136b95770005146be592ecd9a958138a0113b4fe0211204,18,0x4fa5be79bc685bf23b14823a8e7fa93fd31a0928239b68d588dfa693b14d5dee,20500035,0x515d459555f8c1fcf2791ded819b73b60a80b8e3,0x00000000000000000000000000000000000000000006446baef46957b2d3b8550000000000000000000000000000000000000000000000054cd53533b01871f3,0x1c411e9a96e071241c2f21f7726b17ae89e3cab4c78be50e062b03a9fffbbad1
79,0xd7359ad815cdfc04a136b95770005146be592ecd9a958138a0113b4fe0211204,18,0x4fa5be79bc685bf23b14823a8e7fa93fd31a0928239b68d588dfa693b14d5dee,20500035,0x515d459555f8c1fcf2791ded819b73b60a80b8e3,0x00000000000000000000000000000000000000000000000c2ca62ace53befc2e00000000000000000000000000000000000000000000000000000000000000000000000000000000000000000000000000000000000000000000000000000000000000000000000000000000000000000000000000000000000a43defb4d74ad,"0xd78ad95fa46c994b6551d0da85fc275fe613ce37657fb8d5e3d130840159d822,0x0000000000000000000000003fc91a3afd70395cd496c647d5a6cc9d4b2b7fad,0x000000000000000000000000b4e16d0168e52d35cacd2c6185b44281ec28c9dc"
80,0xd7359ad815cdfc04a136b95770005146be592ecd9a958138a0113b4fe0211204,18,0x4fa5be79bc685bf23b14823a8e7fa93fd31a0928239b68d588dfa693b14d5dee,20500035,0xa0b86991c6218b36c1d19d4a2e9eb0ce3606eb48,0x000000000000000000000000000000000000000000000000000000000072fda3,"0xddf252ad1be2c89b69c2b068fc378daa952ba7f163c4a11628f55a4df523b3ef,0x000000000000000000000000b4e16d0168e52d35cacd2c6185b44281ec28c9dc,0x0000000000000000000000003fc91a3afd70395cd496c647d5a6cc9d4b2b7fad"
81,0xd7359ad815cdfc04a136b95770005146be592ecd9a958138a0113b4fe0211204,18,0x4fa5be79bc685bf23b14823a8e7fa93fd31a0928239b68d588dfa693b14d5dee,20500035,0xb4e16d0168e52d35cacd2c6185b44281ec28c9dc,0x0000000000000000000000000000000000000000000000000000292bd97f4b4a0000000000000000000000000000000000000000000003aa0f6b76a70a8c292e,0x1c411e9a96e071241c2f21f7726b17ae89e3cab4c78be50e062b03a9fffbbad1
82,0xd7359ad815cdfc04a136b95770005146be592ecd9a958138a0113b4fe0211204,18,0x4fa5be79bc685bf23b14823a8e7fa93fd31a0928239b68d588dfa693b14d5dee,20500035,0xb4e16d0168e52d35cacd2c6185b44281ec28c9dc,0x0000000000000000000000000000000000000000000000000000000000000000000000000000000000000000000000000000000000000000000a43defb4d74ad000000000000000000000000000000000000000000000000000000000072fda30000000000000000000000000000000000000000000000000000000000000000,"0xd78ad95fa46c994b6551d0da85fc275fe613ce37657fb8d5e3d130840159d822,0x0000000000000000000000003fc91a3afd70395cd496c647d5a6cc9d4b2b7fad,0x0000000000000000000000003fc91a3afd70395cd496c647d5a6cc9d4b2b7fad"
83,0xd7359ad815cdfc04a136b95770005146be592ecd9a958138a0113b4fe0211204,18,0x4fa5be79bc685bf23b14823a8e7fa93fd31a0928239b68d588dfa693b14d5dee,20500035,0xa0b86991c6218b36c1d19d4a2e9eb0ce3606eb48,0x0000000000000000000000000000000000000000000000000000000000004998,"0xddf252ad1be2c89b69c2b068fc378daa952ba7f163c4a11628f55a4df523b3ef,0x0000000000000000000000003fc91a3afd70395cd496c647d5a6cc9d4b2b7fad,0x00000000000000000000000027213e28d7fda5c57fe9e5dd923818dbccf71c47"
84,0xd7359ad815cdfc04a136b95770005146be592ecd9a958138a0113b4fe0211204,18,0x4fa5be79bc685bf23b14823a8e7fa93fd31a0928239b68d588dfa693b14d5dee,20500035,0xa0b86991c6218b36c1d19d4a2e9eb0ce3606eb48,0x000000000000000000000000000000000000000000000000000000000072b40b,"0xddf252ad1be2c89b69c2b068fc378daa952ba7f163c4a11628f55a4df523b3ef,0x0000000000000000000000003fc91a3afd70395cd496c647d5a6cc9d4b2b7fad,0x00000000000000000000000083100ed43c603789c60bbefcf70b5dad61181846"
528,0xd740ce0c4b0b6f2a21819be0b639e4c9a7cb7739dab0a88efd2c64ca94a8af7d,147,0x3782bed52c2f4be4f0c79ec3bb1c187732c4c7b7c5796c0cd109435f69ec23df,20500059,0x00a0be1bbc0c99898df7e6524bf16e893c1e3bb9,0x00000000000000000000000000000000000000000000000d3a0b5d85056c1925,0x71253f5b7c454898ff698869666ce754b5a1caade606ccd218e6f6672bf77ad9
529,0xd740ce0c4b0b6f2a21819be0b639e4c9a7cb7739dab0a88efd2c64ca94a8af7d,147,0x3782bed52c2f4be4f0c79ec3bb1c187732c4c7b7c5796c0cd109435f69ec23df,20500059,0x00a0be1bbc0c99898df7e6524bf16e893c1e3bb9,0x000000000000000000000000000000000000000000000000005994082e8247e1000000000000000000000000000000000000000000001d59ddc2b584003a2b5c,"0x4c209b5fc8ad50758f13e2e1088ba56a560dff690a1c6fef26394f4c03821c4f,0x0000000000000000000000002401c39d7ba9e283668a53fcc7b8f5fd9e716fdf"
530,0xd740ce0c4b0b6f2a21819be0b639e4c9a7cb7739dab0a88efd2c64ca94a8af7d,147,0x3782bed52c2f4be4f0c79ec3bb1c187732c4c7b7c5796c0cd109435f69ec23df,20500059,0x00a0be1bbc0c99898df7e6524bf16e893c1e3bb9,0x000000000000000000000000000000000000000000000000005994082e8247e1,"0xddf252ad1be2c89b69c2b068fc378daa952ba7f163c4a11628f55a4df523b3ef,0x0000000000000000000000000000000000000000000000000000000000000000,0x0000000000000000000000002401c39d7ba9e283668a53fcc7b8f5fd9e716fdf"
531,0xd740ce0c4b0b6f2a21819be0b639e4c9a7cb7739dab0a88efd2c64ca94a8af7d,147,0x3782bed52c2f4be4f0c79ec3bb1c187732c4c7b7c5796c0cd109435f69ec23df,20500059,0x2401c39d7ba9e283668a53fcc7b8f5fd9e716fdf,0x00000000000000000000000000a0be1bbc0c99898df7e6524bf16e893c1e3bb90000000000000000000000000000000000000000000000000000000000000000000000000000000000000000000000000000000000000000005994082e8247e1,0xf5833c90fcf127b08719749581fc368b15b6e3e8fd79b1dbc2fb14b7ca6e0ccc
532,0xd740ce0c4b0b6f2a21819be0b639e4c9a7cb7739dab0a88efd2c64ca94a8af7d,147,0x3782bed52c2f4be4f0c79ec3bb1c187732c4c7b7c5796c0cd109435f69ec23df,20500059,0x00a0be1bbc0c99898df7e6524bf16e893c1e3bb9,0x000000000000000000000000000000000000000000000000005c5edcbc290000000000000000000000000000000000000000000000000000005994082e8247e1,"0x90890809c654f11d6e72a28fa60149770a0d11ec6c92319d6ceb2bb0a4ea1a15,0x0000000000000000000000002401c39d7ba9e283668a53fcc7b8f5fd9e716fdf"
533,0xd740ce0c4b0b6f2a21819be0b639e4c9a7cb7739dab0a88efd2c64ca94a8af7d,147,0x3782bed52c2f4be4f0c79ec3bb1c187732c4c7b7c5796c0cd109435f69ec23df,20500059,0x2401c39d7ba9e283668a53fcc7b8f5fd9e716fdf,0x0000000000000000000000000000000000000000000000000059dfd62fa2d951,"0xddf252ad1be2c89b69c2b068fc378daa952ba7f163c4a11628f55a4df523b3ef,0x0000000000000000000000000000000000000000000000000000000000000000,0x000000000000000000000000a7f32ccb40988fa19735e943f4b00fe29d7be3f7"
534,0xd740ce0c4b0b6f2a21819be0b639e4c9a7cb7739dab0a88efd2c64ca94a8af7d,147,0x3782bed52c2f4be4f0c79ec3bb1c187732c4c7b7c5796c0cd109435f69ec23df,20500059,0x2401c39d7ba9e283668a53fcc7b8f5fd9e716fdf,0x000000000000000000000000000000000000000000000000005c5edcbc2900000000000000000000000000000000000000000000000000000059dfd62fa2d951000000000000000000000000000000000000000000000000000000000000006000000000000000000000000000000000000000000000000000000000000000010000000000000000000000000000000000000000000000000000000000000000000000000000000000000000000000000000000000000000005c5edcbc2900000000000000000000000000000000000000000000000000000000000000000000000000000000000000000000000000000000000000000000005994082e8247e10000000000000000000000000000000000000000000000000000000000000000,"0x22064e3ba88064d71ff211d550f2b1f3e63b19eb3fd647544e21c8f6e5ccc42e,0x000000000000000000000000a7f32ccb40988fa19735e943f4b00fe29d7be3f7"
209,0xd743e2840a5dc17770870b7dee5c29f0394453892a0d6e663ec63382a2e3411c,62,0x21828009a8206975b00a6f96973450afdb0d53e98d96ef17c1a6a273b3d48d40,20500011,0xb131f4a55907b10d1f0a50d8ab8fa09ec342cd74,0x000000000000000000000000000000000000000000000e85f232f264fea00000,"0xddf252ad1be2c89b69c2b068fc378daa952ba7f163c4a11628f55a4df523b3ef,0x000000000000000000000000429dbe77a6c0afa11840d34542dec0cd6b74b992,0x000000000000000000000000741353c33279caf29e26b50e7980acd22f63757b"
72,0xd74b3deeeb5151f0319f9d5622936efc8bc9273b0f027f016aa7cc85b656d160,14,0x2f3dbc8ac35dc54255a0c579964f3570b9a0109372a9cd5f2175da98fefa280b,20500067,0xc02aaa39b223fe8d0a0e5c4f27ead9083c756cc2,0x0000000000000000000000000000000000000000000000000a9e693385f3b36f,"0xddf252ad1be2c89b69c2b068fc378daa952ba7f163c4a11628f55a4df523b3ef,0x0000000000000000000000008107fca5494375fc743a9fc4d4844353a1af3d94,0x000000000000000000000000f5213a6a2f0890321712520b8048d9886c1a9900"
73,0xd74b3deeeb5151f0319f9d5622936efc8bc9273b0f027f016aa7cc85b656d160,14,0x2f3dbc8ac35dc54255a0c579964f3570b9a0109372a9cd5f2175da98fefa280b,20500067,0xa35923162c49cf95e6bf26623385eb431ad920d3,0x000000000000000000000000000000000000314dc459e848d98d656235280000,"0x8c5be1e5ebec7d5bd14f71427d1e84f3dd0314c0f7b2291e5b200ac8c7c3b925,0x000000000000000000000000f5213a6a2f0890321712520b8048d9886c1a9900,0x000000000000000000000000e592427a0aece92de3edee1f18e0157c05861564"
74,0xd74b3deeeb5151f0319f9d5622936efc8bc9273b0f027f016aa7cc85b656d160,14,0x2f3dbc8ac35dc54255a0c579964f3570b9a0109372a9cd5f2175da98fefa280b,20500067,0xa35923162c49cf95e6bf26623385eb431ad920d3,0x000000000000000000000000000000000000000000005e12e51c85533c8c0000,"0xddf252ad1be2c89b69c2b068fc378daa952ba7f163c4a11628f55a4df523b3ef,0x000000000000000000000000f5213a6a2f0890321712520b8048d9886c1a9900,0x0000000000000000000000008107fca5494375fc743a9fc4d4844353a1af3d94"
75,0xd74b3deeeb5151f0319f9d5622936efc8bc9273b0f027f016aa7cc85b656d160,14,0x2f3dbc8ac35dc54255a0c579964f3570b9a0109372a9cd5f2175da98fefa280b,20500067,0x8107fca5494375fc743a9fc4d4844353a1af3d94,0x000000000000000000000000000000000000000000005e12e51c85533c8c0000fffffffffffffffffffffffffffffffffffffffffffffffff56196cc7a0c4c9100000000000000000000000000000000000000000056187c92e7b57d9a4a6a1d000000000000000000000000000000000000000000007cddd473974da276ce91fffffffffffffffffffffffffffffffffffffffffffffffffffffffffffdf99f,"0xc42079f94a6350d7e6235f29174924f928cc2ac818eb64fed8004e115fbcca67,0x000000000000000000000000e592427a0aece92de3edee1f18e0157c05861564,0x000000000000000000000000f5213a6a2f0890321712520b8048d9886c1a9900"
437,0xd7575b29c2e2ccd2a552ba1e4f196b0e2bf4ea2b6fdcd302496f058d7b26778d,132,0x31858c460804d5b985d69ae2228720029aa3b1df194aebe7750ef25ec20ec1ec,20500063,0x514910771af9ca656af840dff83e8264ecf986ca,0x00000000000000000000000000000000000000000000000421485e5f57be7800,"0xddf252ad1be2c89b69c2b068fc378daa952ba7f163c4a11628f55a4df523b3ef,0x000000000000000000000000bdec3c02fe5a626d88a40e55d9dbfdd1ac316909,0x000000000000000000000000aab9b0d69a1656f503fec7e76dfd76e139606c15"
269,0xd765cf85db66a7e4e5769cb1f86017ba9b514f4d40ed2e38b4dfd0df9dafae17,124,0xfb082a963196cca106a2824fe8ac9a00f09584babcaf6324dc0bb3dc3bbdb38f,20500003,0xdac17f958d2ee523a2206206994597c13d831ec7,0x0000000000000000000000000000000000000000000000000000000001ba5a30,"0xddf252ad1be2c89b69c2b068fc378daa952ba7f163c4a11628f55a4df523b3ef,0x000000000000000000000000e6c69558e6882487dc207e8a6bcc0448eea6ec49,0x0000000000000000000000008c8d7c46219d9205f056f28fee5950ad564d7465"
321,0xd76d377f16bfb112023734bbeadb0a4043de508279f5a76ccdf2b4c43cc04eaa,152,0xa88da028fba72d5b26ffdb52ad4f0c74b56d004aef31438b35de0fa3050effa9,20500044,0xc02aaa39b223fe8d0a0e5c4f27ead9083c756cc2,0x000000000000000000000000000000000000000000000003d739eba57696eab2,"0xddf252ad1be2c89b69c2b068fc378daa952ba7f163c4a11628f55a4df523b3ef,0x0000000000000000000000003bc1588f8d987c9ed07b3796aa50ccbf10514326,0x000000000000000000000000f07a660776be8cea92f8bf91fc2b482213d03f02"
322,0xd76d377f16bfb112023734bbeadb0a4043de508279f5a76ccdf2b4c43cc04eaa,152,0xa88da028fba72d5b26ffdb52ad4f0c74b56d004aef31438b35de0fa3050effa9,20500044,0x40f8a48d7579039d42ff832e67fad7d891640bdb,0x000000000000000000000000000000000000000000ae25273326340c76836d57,"0xddf252ad1be2c89b69c2b068fc378daa952ba7f163c4a11628f55a4df523b3ef,0x000000000000000000000000f07a660776be8cea92f8bf91fc2b482213d03f02,0x0000000000000000000000003bc1588f8d987c9ed07b3796aa50ccbf10514326"
323,0xd76d377f16bfb112023734bbeadb0a4043de508279f5a76ccdf2b4c43cc04eaa,152,0xa88da028fba72d5b26ffdb52ad4f0c74b56d004aef31438b35de0fa3050effa9,20500044,0xf07a660776be8cea92f8bf91fc2b482213d03f02,0x000000000000000000000000000000000000000000001793f12ee66b7b7095e0000000000000000000000000000000000000000000000003d7bea46ff358f887,0x1c411e9a96e071241c2f21f7726b17ae89e3cab4c78be50e062b03a9fffbbad1
324,0xd76d377f16bfb112023734bbeadb0a4043de508279f5a76ccdf2b4c43cc04eaa,152,0xa88da028fba72d5b26ffdb52ad4f0c74b56d004aef31438b35de0fa3050effa9,20500044,0xf07a660776be8cea92f8bf91fc2b482213d03f02,0x0000000000000000000000000000000000000000000000000000000000000000000000000000000000000000000000000000000000000003d739eba57696eab2000000000000000000000000000000000000000000ae25273326340c76836d570000000000000000000000000000000000000000000000000000000000000000,"0xd78ad95fa46c994b6551d0da85fc275fe613ce37657fb8d5e3d130840159d822,0x0000000000000000000000003bc1588f8d987c9ed07b3796aa50ccbf10514326,0x0000000000000000000000003bc1588f8d987c9ed07b3796aa50ccbf10514326"
325,0xd76d377f16bfb112023734bbeadb0a4043de508279f5a76ccdf2b4c43cc04eaa,152,0xa88da028fba72d5b26ffdb52ad4f0c74b56d004aef31438b35de0fa3050effa9,20500044,0x40f8a48d7579039d42ff832e67fad7d891640bdb,0x00000000000000000000000000000000000000000000003c5c03076c98463ef0,"0xddf252ad1be2c89b69c2b068fc378daa952ba7f163c4a11628f55a4df523b3ef,0x000000000000000000000000f07a660776be8cea92f8bf91fc2b482213d03f02,0x000000000000000000000000000000000000000000000000000000000000dead"
326,0xd76d377f16bfb112023734bbeadb0a4043de508279f5a76ccdf2b4c43cc04eaa,152,0xa88da028fba72d5b26ffdb52ad4f0c74b56d004aef31438b35de0fa3050effa9,20500044,0xf07a660776be8cea92f8bf91fc2b482213d03f02,0x000000000000000000000000000000000000000000001757952bdefee32a56f0000000000000000000000000000000000000000000000003d7bea46ff358f887,0x1c411e9a96e071241c2f21f7726b17ae89e3cab4c78be50e062b03a9fffbbad1
327,0xd76d377f16bfb112023734bbeadb0a4043de508279f5a76ccdf2b4c43cc04eaa,152,0xa88da028fba72d5b26ffdb52ad4f0c74b56d004aef31438b35de0fa3050effa9,20500044,0x40f8a48d7579039d42ff832e67fad7d891640bdb,0x,0x454c91ae84fcc766ddda0dcb289f26b3d0176efeacf4061fc219fa6ca8c3048d
328,0xd76d377f16bfb112023734bbeadb0a4043de508279f5a76ccdf2b4c43cc04eaa,152,0xa88da028fba72d5b26ffdb52ad4f0c74b56d004aef31438b35de0fa3050effa9,20500044,0x40f8a48d7579039d42ff832e67fad7d891640bdb,0x000000000000000000000000000000000000000000ae25273326340c76836d57,"0xddf252ad1be2c89b69c2b068fc378daa952ba7f163c4a11628f55a4df523b3ef,0x0000000000000000000000003bc1588f8d987c9ed07b3796aa50ccbf10514326,0x000000000000000000000000f07a660776be8cea92f8bf91fc2b482213d03f02"
329,0xd76d377f16bfb112023734bbeadb0a4043de508279f5a76ccdf2b4c43cc04eaa,152,0xa88da028fba72d5b26ffdb52ad4f0c74b56d004aef31438b35de0fa3050effa9,20500044,0xc02aaa39b223fe8d0a0e5c4f27ead9083c756cc2,0x000000000000000000000000000000000000000000000003d73a749bbc158325,"0xddf252ad1be2c89b69c2b068fc378daa952ba7f163c4a11628f55a4df523b3ef,0x000000000000000000000000f07a660776be8cea92f8bf91fc2b482213d03f02,0x0000000000000000000000003bc1588f8d987c9ed07b3796aa50ccbf10514326"
330,0xd76d377f16bfb112023734bbeadb0a4043de508279f5a76ccdf2b4c43cc04eaa,152,0xa88da028fba72d5b26ffdb52ad4f0c74b56d004aef31438b35de0fa3050effa9,20500044,0xf07a660776be8cea92f8bf91fc2b482213d03f02,0x000000000000000000000000000000000000000000ae3c7ec852130b59adc44700000000000000000000000000000000000000000000000000842fd437437562,0x1c411e9a96e071241c2f21f7726b17ae89e3cab4c78be50e062b03a9fffbbad1
331,0xd76d377f16bfb112023734bbeadb0a4043de508279f5a76ccdf2b4c43cc04eaa,152,0xa88da028fba72d5b26ffdb52ad4f0c74b56d004aef31438b35de0fa3050effa9,20500044,0xf07a660776be8cea92f8bf91fc2b482213d03f02,0x000000000000000000000000000000000000000000ae25273326340c76836d5700000000000000000000000000000000000000000000000000000000000000000000000000000000000000000000000000000000000000000000000000000000000000000000000000000000000000000000000000000003d73a749bbc158325,"0xd78ad95fa46c994b6551d0da85fc275fe613ce37657fb8d5e3d130840159d822,0x0000000000000000000000003bc1588f8d987c9ed07b3796aa50ccbf10514326,0x0000000000000000000000003bc1588f8d987c9ed07b3796aa50ccbf10514326"
